1060.09,-0.39869554388,0.501994450363,0.18433371692,-0.0249628649926,0.99964968163,0.00730676160485,0.0048970013926,False
1060.138,-0.398787134034,0.502207731114,0.184172504463,-0.0252724632309,0.999640775185,0.00797877598088,0.00399528763834,False
1060.228,-0.396628923189,0.503333788132,0.183089242791,-0.0251558052794,0.999635438472,0.00931308060502,0.00307280674449,False
1060.31,-0.393855753241,0.504018366599,0.181723362136,-0.0243269689452,0.999654984567,0.00940082173496,0.00312009020202,False
1060.391,-0.391394700921,0.504282733666,0.180291698797,-0.0238545715228,0.999666856052,0.00931628868292,0.00321606819604,False
1060.471,-0.389291902766,0.50428039019,0.178916906367,-0.0238036513244,0.99966838488,0.00926150683335,0.00327581244564,False
1060.545,-0.387705882891,0.50418715219,0.177827708894,-0.0238611397991,0.999667571149,0.0092076431965,0.00325768446477,False
1060.625,-0.385926747806,0.50411681319,0.176618421072,-0.0239912371681,0.999664333098,0.00922522863833,0.00324604796426,False
1060.709,-0.383681200946,0.504155542805,0.175130839162,-0.024168561545,0.999658580089,0.00939431337531,0.00321726029158,False
1060.777,-0.38184139899,0.504185380586,0.173947501024,-0.02412462965,0.999659605925,0.0094042137141,0.00319926419212,False
1060.847,-0.379901687738,0.504251915698,0.172694602216,-0.0241218964863,0.99965906296,0.00947679864969,0.00317525433205,False
1060.931,-0.377650587468,0.504314285147,0.171277267358,-0.0240411686396,0.999660949913,0.0094646819799,0.00322912119706,False
1061.006,-0.375579027295,0.50433131219,0.16995477359,-0.0239727154715,0.99966293705,0.00940956143166,0.00328349744402,False
1061.074,-0.374068387016,0.504303000377,0.168915411927,-0.0240399846175,0.999660917102,0.009490125857,0.00317292774821,False
1061.143,-0.372155411749,0.50424832715,0.167649373463,-0.0240983414861,0.999659639341,0.00945688763642,0.00323151469864,False
1061.212,-0.370157481183,0.504290605881,0.166329027697,-0.0241655981269,0.999657142191,0.00956072103875,0.00319602032741,False
1061.285,-0.368013627734,0.50434340831,0.164952690492,-0.0241500892425,0.999657048271,0.00961035242689,0.00319376866905,False
1061.353,-0.36590958086,0.504334928689,0.16361864435,-0.0240443521545,0.999660330552,0.00950268860014,0.00328505102506,False
1061.422,-0.363896092617,0.504333494929,0.162303757606,-0.0240499360703,0.999660108157,0.00949881161879,0.00332284717439,False
1061.5,-0.361592569942,0.504409315952,0.160828170419,-0.0240929368005,0.999658331909,0.00956723287347,0.00334931279426,False
1061.567,-0.359685307835,0.504418285583,0.159605382791,-0.0240326890211,0.999659984279,0.00954339506193,0.00335697798307,False
1061.635,-0.358375342952,0.504399603472,0.15873101226,-0.0240419923097,0.999659821569,0.00955758509963,0.00329792560867,False
1061.702,-0.35605437077,0.504335091775,0.157163414911,-0.024180511842,0.999655927067,0.00960726491729,0.00332126291235,False
1061.776,-0.35365095409,0.504384763336,0.155629920073,-0.0242029183566,0.999655141406,0.00959852541219,0.00341837876222,False
1061.842,-0.351930706566,0.504411154519,0.154521450558,-0.0241296213277,0.999656923618,0.00960979491171,0.00338353056703,False
1061.9,-0.350204725275,0.504435267889,0.153399808241,-0.024123395662,0.999656804336,0.00964446137289,0.00336447481554,False
1061.975,-0.348031498772,0.5044902115,0.151971435459,-0.0242265284826,0.99965302505,0.00978297875318,0.00334636397328,False
1062.048,-0.345629434798,0.504504136633,0.150471765119,-0.0240915988578,0.999657287752,0.00964092265945,0.00345753082716,False
1062.115,-0.343633765005,0.504481727992,0.149155419156,-0.0241274974071,0.999656221177,0.0096557132983,0.00347426708524,False
1062.185,-0.341984147808,0.504418398359,0.148058893764,-0.0241277095512,0.999656680602,0.00960490561662,0.0034814290435,False
1062.258,-0.339753876436,0.504455553904,0.146597586139,-0.0242242902964,0.999653627438,0.00967350906459,0.00349744660092,False
1062.318,-0.338061791272,0.504443920665,0.145482697721,-0.0242309880697,0.999653298274,0.00969980303845,0.00347221669775,False
1062.391,-0.335946630022,0.504450658537,0.144093168568,-0.0243095914002,0.999650768589,0.0097550815936,0.00349614183065,False
1062.451,-0.334155979779,0.504470032022,0.142952799909,-0.0242451703967,0.999652707975,0.00970712852371,0.00352232957859,False
1062.516,-0.332361155588,0.5045017176,0.141774564175,-0.0242468026282,0.99965213664,0.00978115144369,0.00346804694447,False
1062.574,-0.3304695486,0.504507133438,0.140540012688,-0.0242810155893,0.999650978606,0.00980855394988,0.00348504288856,False
1062.632,-0.328505180086,0.504532333659,0.139251570556,-0.0243260981277,0.9996492665,0.00987070682064,0.00348627054981,False
1062.7,-0.326091322519,0.504592125022,0.137702390291,-0.0243520979039,0.999647979078,0.00991828036636,0.00353849787301,False
1062.774,-0.323778608956,0.50463796998,0.136252975371,-0.0242320860387,0.999651409786,0.00984734464404,0.00359092216807,False
1062.822,-0.322283141293,0.504586014467,0.135320747333,-0.0240740365931,0.999656726014,0.00967620744967,0.0036389431569,False
1062.881,-0.320465114008,0.504621231176,0.134048881478,-0.0242909057796,0.999649186691,0.00994454621951,0.00354421294871,False
1062.945,-0.31812210021,0.50459057346,0.132515798311,-0.0243822650617,0.999646854386,0.00993392124528,0.0036040081402,False
1063.011,-0.316128769502,0.504610748203,0.131234277521,-0.0243676994586,0.999647314173,0.00990779805073,0.00364664616284,False
1063.067,-0.314152484555,0.504660895959,0.129960423445,-0.0243485118209,0.999647365484,0.00995446923402,0.00363362007831,False
1063.131,-0.312155494577,0.504666790348,0.128668628848,-0.0243403767471,0.999647424443,0.00996224230545,0.00365056065542,False
1063.182,-0.310534042087,0.504619362131,0.127632013102,-0.0242760039772,0.999649981365,0.00984957065759,0.00368460920048,False
1063.243,-0.308533021613,0.504622338957,0.126273773928,-0.0244174128099,0.999645163903,0.0099952392411,0.00366489155285,False
1063.293,-0.306774126999,0.504613865066,0.125120450443,-0.0244800646738,0.999643461219,0.0100049890232,0.00368470753087,False
1063.351,-0.30457646421,0.504627956225,0.123691486342,-0.024506855334,0.999642433028,0.0100281242383,0.00372247967098,False
1063.411,-0.3023678849,0.504710032516,0.122283524111,-0.0244917453398,0.999642233104,0.01007782255,0.00374134978437,False
1063.468,-0.300203383645,0.50476928864,0.120915426362,-0.0244108042774,0.999644177992,0.010077477251,0.00375159870667,False
1063.524,-0.298426271744,0.504789919566,0.119766323326,-0.0243964434999,0.999644242145,0.0101052358084,0.00375325197014,False
1063.585,-0.296389132319,0.504713930531,0.118519836809,-0.0242125997706,0.999651251569,0.00980306296354,0.0038762359022,False
1063.632,-0.29481431366,0.504764791341,0.117405220948,-0.0243722250796,0.999644935786,0.0100901653643,0.00376637282838,False
1063.703,-0.292172353733,0.504842780267,0.115641297116,-0.0247303715202,0.999633613463,0.0103287018316,0.00379018171968,False
1063.74,-0.290715584982,0.5047572264,0.11478185031,-0.0244656293016,0.999643358758,0.00997498613117,0.00388431800791,False
1063.796,-0.288544769104,0.504823575409,0.113296498678,-0.024584845987,0.999637723135,0.010274689948,0.00379981302215,False
1063.855,-0.28630026915,0.504814042597,0.111881229911,-0.0245365147623,0.999639923553,0.0101421712921,0.00388832151101,False
1063.902,-0.284869444381,0.504801483994,0.110947561676,-0.0245003925804,0.999640968852,0.0101361357418,0.00386301794261,False
1063.959,-0.282959844331,0.504824690404,0.109674964508,-0.0246366026222,0.999636179563,0.0102695422748,0.00388366070813,False
1064.002,-0.280977151827,0.504845110364,0.108383013239,-0.0246997229735,0.999634178675,0.01030795163,0.00389597781461,False
1064.063,-0.278621517438,0.504833966808,0.106912545472,-0.0245528171942,0.999639256849,0.0101353361455,0.00397370046842,False
1064.115,-0.276765072116,0.504897333347,0.105705446251,-0.02454127876,0.99963863793,0.0102310912618,0.00395524541379,False
1064.166,-0.274518569368,0.504922789475,0.104253079073,-0.0245625380784,0.999637802086,0.0102562838375,0.00396925763056,False
1064.218,-0.272620139167,0.504988180585,0.102991510701,-0.0246892514341,0.999633037644,0.010421107187,0.00395366161501,False
1064.268,-0.270683505601,0.504964290561,0.101750559545,-0.0246630529225,0.99963436946,0.0103422161803,0.00398745278614,False
1064.314,-0.269144639594,0.504922595372,0.100772737452,-0.0246316214376,0.999636161773,0.0102257571706,0.0040325167542,False
1064.362,-0.267194003935,0.504956232916,0.0994412877666,-0.0247655998606,0.999630647534,0.0104544166114,0.00399233606805,False
1064.411,-0.265063260301,0.504977314624,0.0980523837522,-0.0249088423994,0.999626337093,0.0105014738144,0.00405645256099,False
1064.465,-0.262541093645,0.504991817151,0.0964451869544,-0.0248113294797,0.999629416769,0.0104322721904,0.00407366616047,False
1064.504,-0.260905276013,0.504966168992,0.0954088431343,-0.0247243795533,0.999632333255,0.0103451746028,0.00410861650424,False
1064.551,-0.259224573972,0.505058871681,0.0942817575837,-0.0248683903693,0.999626315654,0.0105848604357,0.00409303585389,False
1064.597,-0.256983224998,0.50513153499,0.0928194843406,-0.0250177792911,0.999621200091,0.0107118143009,0.00410171703655,False
1064.644,-0.25516870888,0.505127311095,0.091666024859,-0.024966394798,0.999623040723,0.0106495197654,0.0041283550353,False
1064.682,-0.253364228463,0.50509072366,0.0905296559694,-0.0248859106492,0.999626312767,0.0105134791936,0.00417049520599,False
1064.721,-0.251585783097,0.505097818996,0.0893744170092,-0.0248716272559,0.999626281909,0.0105415107906,0.00419228145062,False
1064.771,-0.249264883731,0.505201326112,0.0878232037748,-0.0250762093541,0.999618202138,0.01081987051,0.00419095237739,False
1064.824,-0.246942859,0.50509382793,0.0863656882491,-0.0249377052344,0.999624563148,0.0105258618953,0.00424851031037,False
1064.856,-0.245617371607,0.505052925461,0.0855125721335,-0.0248749133458,0.999626908065,0.0104431436494,0.00426897061226,False
1064.895,-0.243484910973,0.505048895663,0.0840861579969,-0.0249157022268,0.999624339639,0.0105780861689,0.00430017172769,False
1064.931,-0.242066619925,0.505112356303,0.0831265462833,-0.0251988590657,0.99961509665,0.0107732476062,0.00431430036118,False
1064.97,-0.240066004837,0.505141574703,0.081820039222,-0.0253740056249,0.999610152324,0.0108147509308,0.00432947714262,False
1065.018,-0.237537495483,0.505194642623,0.0801726099688,-0.0253667878591,0.999609042448,0.0109295172963,0.00433981347882,False
1065.053,-0.235965730307,0.505177263406,0.079179521443,-0.0253739260484,0.999609766976,0.0108360437589,0.00436552385212,False
1065.088,-0.233886077599,0.505151489143,0.0778612149469,-0.0252950754036,0.99961271456,0.0107347423498,0.00439833568038,False
1065.125,-0.232359732233,0.505146926132,0.0768776944798,-0.0252292405026,0.999614208513,0.0107396529758,0.00442486353932,False
1065.168,-0.229719697954,0.505240363079,0.0751297173479,-0.0254271008105,0.999605939218,0.0110208120564,0.00446883938149,False
1065.194,-0.228609161087,0.505250653525,0.0744079979001,-0.0255530925039,0.99960256526,0.0110302475874,0.00448158767337,False
1065.235,-0.226510323373,0.50516931375,0.0730722682478,-0.025360812762,0.999609217455,0.0108555789705,0.00451641012897,False
1065.27,-0.224242083423,0.505246060224,0.0715732783523,-0.0256068498258,0.999600706015,0.0110497793304,0.00454094183107,False
1065.292,-0.223079879399,0.505273472504,0.0708120750572,-0.0256777133179,0.99959808869,0.0111161330307,0.00455496568009,False
1065.321,-0.221381320736,0.505227391656,0.0697318181744,-0.0255942911398,0.999601330497,0.0110047143494,0.0045835130471,False
1065.363,-0.21894386776,0.505343179774,0.0681192254737,-0.0258431739663,0.999591514551,0.0112957184763,0.00461964730737,False
1065.387,-0.217649948295,0.505401769865,0.0672684656102,-0.0259949432194,0.999586009979,0.0114260241365,0.00463870174611,False
1065.427,-0.214584320466,0.505278214536,0.0653464455618,-0.0257228243427,0.999596662832,0.0110885379799,0.00467891965625,False
1065.448,-0.213327929163,0.505317250719,0.0645230622022,-0.0257666873497,0.999594285263,0.0111927740524,0.00469728669431,False
1065.481,-0.211472836333,0.505293105282,0.063331177192,-0.0257618885307,0.999594637417,0.0111567386001,0.00473425066987,False
1065.52,-0.208850161163,0.505385722082,0.0615967412102,-0.0260336448824,0.999584148101,0.0114354348939,0.00479698121482,False
1065.541,-0.207480995369,0.505416234661,0.0606962095654,-0.026184964388,0.999579259233,0.0115110447207,0.00481123689023,False
1065.57,-0.205518256551,0.5053156379,0.059455352063,-0.0260566028244,0.999585162156,0.0112781326742,0.00483329803332,False
1065.622,-0.202025272149,0.505416864929,0.057159079919,-0.0263120758443,0.999574734358,0.0115741712874,0.00490547209166,False
1065.645,-0.200014002284,0.505246156737,0.0559067765051,-0.0261371378941,0.999584213497,0.0111481490042,0.00489580687371,False
1065.668,-0.198825652869,0.505078975632,0.0551851558631,-0.0257264361291,0.999598896133,0.0107786665539,0.00490078372463,False
1065.696,-0.197027239321,0.505045261299,0.0540105133222,-0.0255750474416,0.999602253049,0.0108084649092,0.00494264450545,False
1065.725,-0.195067421923,0.505130323735,0.0526738778144,-0.026026518703,0.999586607348,0.0111438259532,0.0050049853017,False
1065.752,-0.193711446417,0.505158632111,0.0517598396388,-0.0262773085564,0.999578073916,0.0112977565552,0.0050535034775,False
1065.783,-0.191602560972,0.505180430513,0.0503497879384,-0.0266037699353,0.999567592883,0.0114402492505,0.00509778196414,False
1065.811,-0.18945774358,0.505146587064,0.0489441302376,-0.0267125394924,0.999564962491,0.0114102803432,0.00511189764865,False
1065.841,-0.187290066056,0.505099490988,0.0475420498125,-0.0266749041899,0.999566738992,0.011335783311,0.00512677328639,False
1065.87,-0.185194302268,0.504985434008,0.0462153043498,-0.0264822860165,0.999574362755,0.0111054196247,0.00514310277124,False
1065.901,-0.183082138493,0.504946362936,0.0448510760923,-0.0264524534758,0.999575324173,0.0110753536618,0.00517450971446,False
1065.938,-0.180335634665,0.504821778345,0.04308513514,-0.0264046646775,0.999578558971,0.0108824458022,0.00520293215574,False
1065.963,-0.178930741913,0.50476368431,0.0421786207742,-0.0263195323283,0.999581265553,0.0108228201813,0.005238543328,False
1065.994,-0.177076541927,0.504651641245,0.0409826753167,-0.0262001677653,0.999585973149,0.010664142884,0.00526398611402,False
1066.024,-0.175088332706,0.504654591789,0.039652699606,-0.0264023300922,0.999578827233,0.0108082834733,0.00531658918739,False
1066.053,-0.173078963026,0.504613104234,0.0383158318543,-0.0266051867727,0.999572879478,0.010841548767,0.00535569505153,False
1066.092,-0.170360021971,0.504545785911,0.0365166558552,-0.0267602132192,0.999568505484,0.0108413214888,0.00539996114302,False
1066.116,-0.168975629354,0.504515700244,0.0355977981369,-0.0268649966982,0.999565804776,0.0108322352863,0.00539782851152,False
1066.155,-0.166432966396,0.504286382498,0.0339754992119,-0.0264927429485,0.999580430481,0.010403205245,0.00537316396705,False
1066.184,-0.164455426078,0.504269085593,0.0326649058152,-0.0266235091303,0.999576095234,0.0104721141096,0.00539939109835,False
1066.217,-0.162073288306,0.504053817039,0.031138649986,-0.0263305940727,0.999587647312,0.0101068028986,0.00539330061996,False
1066.254,-0.160212688144,0.504049416846,0.029893106687,-0.0265113804295,0.999581288075,0.010235031501,0.00544420496905,False
1066.286,-0.157698033662,0.503978814844,0.0282197244969,-0.0267622705003,0.999574334271,0.0102398722257,0.00548417361597,False
1066.316,-0.15585703412,0.503882822754,0.0270095690528,-0.0267732801922,0.999575340671,0.0101162143284,0.00547649505523,False
1066.348,-0.154616653932,0.503854151098,0.0261913639505,-0.0267646565362,0.999575384461,0.0101231079478,0.00549787455854,False
1066.389,-0.151419359618,0.503781346823,0.0240778432267,-0.0269501269375,0.999570213616,0.0101250018588,0.00552838560171,False
1066.419,-0.149593494395,0.503651965823,0.0229001204912,-0.026834566249,0.999575835905,0.00989405951245,0.00549198645047,False
1066.448,-0.147818333669,0.503561406981,0.0217564839831,-0.0266575736978,0.99958173337,0.00976970016018,0.00550318427053,False
1066.481,-0.146015216175,0.503529346388,0.0205702910137,-0.0267444629676,0.999578979054,0.0097963095298,0.00553449670154,False
1066.529,-0.142974648446,0.503494988251,0.0185579329894,-0.0269563872644,0.99957180786,0.00990296474725,0.00561118584927,False
1066.551,-0.141789940287,0.503417666656,0.0177786351553,-0.0270195123363,0.999571594974,0.00977328311936,0.00557273829492,False
1066.582,-0.140183030539,0.503235239962,0.0167590332842,-0.0266160553807,0.999586147609,0.00941337212186,0.00552336222101,False
1066.628,-0.13717537005,0.503332361298,0.014732931871,-0.0270689346656,0.999569265454,0.0098310633079,0.005648586553,False
1066.662,-0.135421125344,0.503190871965,0.0135812297986,-0.0271650881529,0.999569539702,0.00957574962056,0.0055765853174,False
1066.691,-0.133716364526,0.503089089933,0.0124817334308,-0.0269414523819,0.999577205336,0.00941100290375,0.00556792058506,False
1066.731,-0.13199556575,0.503052452501,0.0113579046212,-0.0269084735299,0.99957804351,0.0094043717077,0.00558809257128,False
1066.77,-0.129067488914,0.502976763159,0.00943744243884,-0.0270338428547,0.999574798044,0.0093721704007,0.0056175509048,False
1066.79,-0.127919729801,0.50294168495,0.00868642318426,-0.0270271071884,0.999575305633,0.00933850536663,0.00561570685818,False
1066.845,-0.125168997907,0.50284711803,0.00690062938069,-0.026868482294,0.999580403206,0.00923757916492,0.005636427758,False
1066.873,-0.123483570853,0.50279959609,0.00578339627424,-0.02705322026,0.999575858788,0.00920271090195,0.00561568455124,False
1066.901,-0.122418143619,0.502734407725,0.00509706450402,-0.0269150463756,0.999580504285,0.00910107630876,0.00561837536355,False
1066.94,-0.11961867864,0.502731515567,0.00324514513988,-0.0270968441827,0.99957398699,0.00923454763156,0.00568583305598,False
1066.981,-0.117284269979,0.502673155111,0.00169562306249,-0.0273260145534,0.999568023696,0.00921061383499,0.00567622460932,False
1067.01,-0.115566911476,0.502595161861,0.000576625979061,-0.0272690498747,0.999570875941,0.00908971957727,0.00564268445535,False
1067.046,-0.11329246727,0.502531781106,-0.000888296127076,-0.027129476942,0.999574980851,0.00903177815906,0.00568120775926,False
1067.085,-0.11094146744,0.502509932557,-0.00243031856629,-0.0272790781547,0.999570240848,0.00908377061367,0.00571582166882,False
1067.128,-0.108612681344,0.502435556909,-0.00394442466677,-0.0272968640203,0.999570401221,0.00900788704801,0.00572295285631,False
1067.159,-0.10698087627,0.502304584744,-0.00499053488823,-0.027137602729,0.999577507497,0.00874724064349,0.00564294300899,False
1067.198,-0.105382582393,0.502243336089,-0.00601886391707,-0.0269516787017,0.999583402743,0.00865181165321,0.00563685476522,False
1067.234,-0.103211802807,0.502223789775,-0.00744426132354,-0.0270356541265,0.99958050826,0.00869955193203,0.00567439058486,False
1067.265,-0.101567927038,0.50220554267,-0.00853427160951,-0.0271751208142,0.999576373264,0.00873000634504,0.00568979885621,False
1067.302,-0.0994245574002,0.502158692413,-0.00994118591554,-0.027152243496,0.99957699298,0.00871335589448,0.00571561076488,False
1067.339,-0.0971427890123,0.502146686709,-0.0114609559278,-0.0274124092747,0.999569051975,0.00879195968137,0.00574208987392,False
1067.378,-0.0954621734407,0.50207293207,-0.0125670208487,-0.0274359855729,0.999569692089,0.00868024392466,0.00568776916015,False
1067.423,-0.0927184219889,0.501947993724,-0.0143329472279,-0.0271830186924,0.999578413032,0.00848366901359,0.00566630870787,False
1067.457,-0.0906475796521,0.501842630393,-0.015659334043,-0.0269810105526,0.999585737415,0.0082929313787,0.005621913872,False
1067.497,-0.0885999550106,0.501828515751,-0.0169874028836,-0.026925787435,0.999586717397,0.00832255064871,0.00566846771077,False
1067.533,-0.0870912421391,0.501798496283,-0.0179875259692,-0.0270377468591,0.999584043631,0.00829977396186,0.00564036488761,False
1067.575,-0.0851488003499,0.501747401208,-0.0192607882846,-0.026978908444,0.999586119742,0.00824016582012,0.00564157647197,False
1067.615,-0.083130745843,0.501728596307,-0.0206102103652,-0.0271800157634,0.999580537824,0.00826523466452,0.00562859149586,False
1067.657,-0.0805989564615,0.501703102681,-0.0222782271089,-0.0271782078265,0.999580150112,0.00829469679077,0.00566273128999,False
1067.688,-0.0790925003891,0.501643988355,-0.0232697458028,-0.0272341788791,0.999579633063,0.00820513995251,0.00561536689197,False
1067.721,-0.0774922474997,0.501663597153,-0.0243242839673,-0.0272816925959,0.999577067911,0.00831212564819,0.00568358356227,False
1067.767,-0.0752282908453,0.501650510958,-0.0258739332116,-0.0276364016616,0.999566401545,0.00841099851694,0.00570029033826,False
1067.796,-0.0735597684159,0.501534665059,-0.026996740861,-0.0276759208554,0.999567240376,0.00823963599774,0.00561104000702,False
1067.839,-0.0708927790263,0.501391800173,-0.0286662728335,-0.0272085970702,0.999582120223,0.00799594729452,0.00559839293822,False
1067.874,-0.0692899741523,0.501363830603,-0.0296843752813,-0.0272258491848,0.999581923258,0.0079653486087,0.00559330435414,False
1067.911,-0.0671955739293,0.501365091086,-0.0310154433272,-0.0271398494457,0.999583417858,0.00801762167854,0.00566895564527,False
1067.951,-0.0650649034257,0.501325645118,-0.0324214692741,-0.0273594524845,0.999577738111,0.00800224860911,0.00563647499181,False
1067.989,-0.062945827027,0.501282971268,-0.0337983740547,-0.0273014577663,0.999579440445,0.00797315280157,0.00565698491696,False
1068.025,-0.0608062926884,0.501251924628,-0.0351998650492,-0.0273453245575,0.999578195576,0.00797297295915,0.00566532040819,False
1068.064,-0.0592373950118,0.501188085885,-0.0362259697391,-0.0273590617724,0.999578884352,0.00787451579193,0.00561495301087,False
1068.101,-0.0571335016902,0.501137891468,-0.0375893744644,-0.0272762934917,0.999581442737,0.00782822212168,0.00562690745695,False
1068.141,-0.0550054885895,0.501108438806,-0.0389790243937,-0.0273128514,0.99958030225,0.00783152171821,0.00564754547512,False
1068.179,-0.052886365371,0.501059370979,-0.0403637449406,-0.0273288418814,0.999580211035,0.0077907010574,0.0056427905091,False
1068.217,-0.0507707017417,0.50101947659,-0.041746921764,-0.0273180961707,0.999580704748,0.00776568217926,0.00564185225771,False
1068.256,-0.0486883052637,0.500956934165,-0.0431043049956,-0.027272412787,0.999582710691,0.00768609848699,0.00561639364536,False
1068.309,-0.0460889158822,0.500918199457,-0.0448011955732,-0.0272762733032,0.999582719911,0.00766724698842,0.00562176967816,False
1068.346,-0.0441758546353,0.500813900959,-0.0460314035153,-0.0270135118593,0.999591849602,0.00746054201505,0.00554479035656,False
1068.38,-0.0427706475868,0.500786520944,-0.0469396627508,-0.0269259000499,0.999594709555,0.00740664523562,0.00552758025413,False
1068.41,-0.0413216327198,0.500806986726,-0.047897125973,-0.0270452613422,0.999590904335,0.00746940272639,0.00554849821803,False
1068.451,-0.039338788572,0.500836332008,-0.0492194275426,-0.0272316322867,0.999584646855,0.00758568366969,0.00560619111891,False
1068.494,-0.0367506356541,0.500784724929,-0.0509797240012,-0.0274677390922,0.99957835446,0.00758855164374,0.0055722965329,False
1068.532,-0.0352072242494,0.500717864848,-0.0519868387677,-0.0274094031116,0.999580884356,0.00749523107397,0.00553188603112,False
1068.573,-0.0331122293728,0.500656172077,-0.0533358153909,-0.0273371058765,0.99958346499,0.00742446850761,0.00551873438154,False
1068.613,-0.0310253331719,0.500606548995,-0.0546720787316,-0.0272620871193,0.999585859881,0.00737341017117,0.00552450493556,False
1068.645,-0.0294605352692,0.50058253997,-0.055683188534,-0.0272814551151,0.999585415548,0.00736027084147,0.00552681137728,False
1068.685,-0.0267941377683,0.500557085904,-0.0574220542726,-0.0273544355192,0.999582921398,0.00739605570453,0.00556924290068,False
1068.728,-0.0247462458844,0.500470639431,-0.0587528100201,-0.027244817843,0.999587170599,0.00726676382781,0.00551383877153,False
1068.767,-0.0227159237172,0.500429282057,-0.0600683316448,-0.027149014459,0.999590143429,0.0072187243897,0.00551055269022,False
1068.807,-0.0206930640925,0.500403667753,-0.0613904765996,-0.0271644355946,0.999589790664,0.00720754709749,0.00551317554503,False
1068.845,-0.0192082224924,0.500364173553,-0.0623669545609,-0.0271834202458,0.999589890295,0.00715265299153,0.00547288208476,False
1068.884,-0.0171883312685,0.500342989778,-0.0636927465145,-0.0271998263013,0.999589375126,0.00715383283325,0.00548390914779,False
1068.925,-0.0146741533946,0.500292128937,-0.0653424954423,-0.0271792964594,0.999590414733,0.00710249241839,0.00546289482533,False
1068.966,-0.0131875699387,0.500264421407,-0.0663130891854,-0.027150886728,0.999591494191,0.0070702407255,0.00544846640627,False
1069.007,-0.0106979969666,0.500217958569,-0.067941146717,-0.0271257332271,0.999592627037,0.00702155766277,0.00542883957447,False
1069.047,-0.00882519729008,0.500147409033,-0.0691555486282,-0.0269676496845,0.999598315064,0.00688212598555,0.00534703035687,False
1069.094,-0.00690249981939,0.50018318971,-0.0704022718454,-0.0269641831151,0.999597419714,0.00696509798152,0.00542390456926,False
1069.126,-0.00503046236129,0.500148921236,-0.0716515766856,-0.0270560304353,0.999595735706,0.00691702299776,0.00533771194429,False
1069.162,-0.00358739566959,0.500159872373,-0.0725952302742,-0.0270361995458,0.999595712416,0.00695393277094,0.00539429816666,False
